5.549591740545020135e-01
6.159687228622331423e-01
7.475735992209303626e-01
9.017482857966161447e-01
8.071305178817035353e-01
6.126963873590358656e-01
5.254099874487780930e-01
5.103507504280689888e-01
5.121737580330895101e-01
5.328470404642187130e-01
5.779595875223092483e-01
6.654215951302046017e-01
8.279970927506048461e-01
8.932009624280983218e-01
7.251716677626908192e-01
5.417571554051449079e-01
4.628801149805708004e-01
4.192827133442507681e-01
3.440711203419810071e-01
1.977412599205642108e-01
9.652910856234420134e-02
2.245897756972041748e-01
3.800476974394521035e-01
4.343166076914131146e-01
4.169444980615152896e-01
3.469985963802575957e-01
2.053901228501982812e-01
9.278691560790444659e-02
2.177325574718090850e-01
3.816661446945759373e-01
4.465671439805952714e-01
4.384123824132453717e-01
3.888044955714517470e-01
2.801907598842323655e-01
1.099797206972058794e-01
1.400710824199097870e-01
3.259959410028469007e-01
4.384356908046919132e-01
4.675970694935480121e-01
4.522492161176551728e-01
4.125869390371602052e-01
3.268780450551860284e-01
1.627996194553405218e-01
9.461875121038147707e-02
2.634971514871307097e-01
4.289183812732178525e-01
4.882031884806504185e-01
5.219950263129199408e-01
5.612615034210665099e-01
6.327501549479992438e-01
7.816037711347881833e-01
9.095651026297038033e-01
7.685419097424444068e-01
5.686051654496462326e-01
4.908196853080082911e-01
4.549206507879791084e-01
4.203751545263045286e-01
3.499054877165012067e-01
2.051439123504541773e-01
8.513039403839088581e-02
2.134987446546165735e-01
3.917698629045777148e-01
4.721690640054275190e-01
5.029456394936506758e-01
5.345066054020942703e-01
5.799709212651212864e-01
6.673676609667034132e-01
8.290831107240421716e-01
8.918489633705534159e-01
7.251716677626908192e-01
5.418014669144013418e-01
4.632902853785316188e-01
4.202493149704281672e-01
3.498876306247813983e-01
2.080515504073919275e-01
9.003828375251561600e-02
2.129837257943984763e-01
3.864656949253582607e-01
4.530523385942173964e-01
4.626405478830686313e-01
4.426706345238223261e-01
3.929372678231820570e-01
2.832702858417702196e-01
1.079206189890751927e-01
1.327231863762053099e-01
3.288836297588169089e-01
4.628607644203964200e-01
5.085227681179584902e-01
5.439465109859642489e-01
5.992626509310943206e-01
7.094795459326026510e-01
8.690101684459449194e-01
8.445946541020675769e-01
6.615426555567857081e-01
5.402786348970477492e-01
5.041115833213654085e-01
4.815897425507980611e-01
4.667054527868932934e-01
4.233370825930494186e-01
3.227557344648046000e-01
